Calibrated camera 0
RMS: 0.13221
Intrinsics: [645.0108672430531, 0, 353.0282948993151;
 0, 664.542653043242, 258.3356259881129;
 0, 0, 1]
Distortion coeff: [0.4055016736417014;
 -28.93919959673638;
 -0.001056080804464761;
 0.04101874128709459;
 494.8444810393523]

Calibrated camera 1
RMS: 0.12069
Intrinsics: [675.8195064245876, 0, 333.7669862546197;
 0, 676.1384588176687, 254.6178635762035;
 0, 0, 1]
Distortion coeff: [0.02471362193515772;
 -1.418909408566421;
 0.005779642744006965;
 0.01737988079723748;
 4.926217210485685]

Calibrated camera 2
RMS: 0.111126
Intrinsics: [664.4258903795883, 0, 301.3318232270724;
 0, 660.2337583247129, 241.6717395672779;
 0, 0, 1]
Distortion coeff: [-0.03404001908351478;
 -1.193271400372161;
 -0.005049343144211843;
 -0.0127033967435087;
 4.134501969386424]

Calibrated camera 3
RMS: 0.164656
Intrinsics: [658.341699650604, 0, 303.0754321208438;
 0, 660.1489644244772, 240.3248226458686;
 0, 0, 1]
Distortion coeff: [-0.1841895223190155;
 0.3761539713331754;
 -0.007937135223608286;
 -0.004157952199703328;
 -0.6207131060546941]

Calibration stack frame: 0
RMS: 0.123981
Rotations: 0.123981
[0.8115605295251208, -0.02827591358527105, 0.5835837383168107;
 -0.02808489549884152, 0.995785722754855, 0.08730425535110016;
 -0.5835929622277197, -0.08724257600798611, 0.8073462623743087]
[0.9886663914972924, 0.0443245396647183, 0.1434367508947178;
 -0.06365356088115677, 0.9890552181656547, 0.1331089764307357;
 -0.1359668728436136, -0.1407306313593459, 0.9806670683194825]
[0.8823374249354485, 0.1673486419905378, -0.439858045944603;
 -0.1512753604698804, 0.9858921617205154, 0.07164084570101642;
 0.4456415980056053, 0.003328285139814424, 0.8952052773777859]
[0.7183288850882104, 0.223139663087897, -0.6589478762428397;
 -0.1181395675039107, 0.9725353867980152, 0.2005441697373027;
 0.6855994861709843, -0.06620885275138789, 0.7249618833976221]
Translations: 0.123981
[-35.95358595268909;
 60.47557764294742;
 637.3096095298052]
[-79.00098556734949;
 -8.897875809170392;
 566.1461708954428]
[-52.43685363545703;
 26.61653949327595;
 587.0293874006314]
[41.09657064309665;
 -12.85936169815671;
 547.906167859832]
Calibration stack frame: 1
RMS: 0.136206
Rotations: 0.136206
[0.5120656680561252, 0.006235875833731783, 0.8589236668358957;
 0.03544966486861446, 0.9989682263241464, -0.02838668799793573;
 -0.8582144678685728, 0.0449844044906177, 0.5113162724710483]
[0.8509242618038247, 0.0267546657075976, 0.5246066035959618;
 -0.02133237640250833, 0.9996382567655522, -0.0163794178086255;
 -0.5248550565543191, 0.002746538476430538, 0.8511871863084876]
[0.9942462336686727, 0.06775557830796707, -0.08296751438853561;
 -0.07310682344181234, 0.9953162474682259, -0.06325314136085977;
 0.07829316191026264, 0.06895468899155571, 0.9945428254550787]
[0.9407449471588788, 0.1046132772644798, -0.3225755827942087;
 -0.1005130745547669, 0.994501521790975, 0.02939124017428885;
 0.323876621938951, 0.004773402918246421, 0.9460872837037785]
Translations: 0.136206
[16.44164906066091;
 2.763069534089641;
 522.7581072040864]
[24.15892892680434;
 -75.00681484875442;
 491.0220368052322]
[80.65997330204029;
 -43.74319874495473;
 585.3831471741943]
[168.1570112102632;
 -88.59164973085488;
 585.6784543225374]
Calibration stack frame: 2
RMS: 0.120139
Rotations: 0.120139
[0.5650248464504429, -0.1199493474677332, 0.8163081997234367;
 0.2453262849545752, 0.9690528842120412, -0.0274138926588499;
 -0.7877575368119558, 0.2157513885062837, 0.5769656849012519]
[0.8755427091357725, -0.1533844468008955, 0.4581464568877242;
 0.1825032161474487, 0.9830085037151574, -0.01966869897896343;
 -0.4473449905554209, 0.1008339878377857, 0.8886590832944317]
[0.9810232178043444, -0.1249104403616977, -0.1482930477718244;
 0.1134928722173286, 0.9900541644520726, -0.08313915688151738;
 0.1572030982031555, 0.06473123928796051, 0.9854425668579442]
[0.9163833255011314, -0.06819373290273345, -0.3944505235593913;
 0.0867437896104141, 0.995797749839829, 0.02936590502534189;
 0.3907903730998391, -0.06112655893082673, 0.9184478363444298]
Translations: 0.120139
[29.08493574466279;
 -51.69645174815285;
 472.9555099811804]
[45.07302428109275;
 -131.3598432970044;
 455.5168050450858]
[92.56811630260941;
 -104.4057052643141;
 560.8753012631971]
[172.2215523125297;
 -149.3660581880065;
 577.7295600442453]
Calibration stack frame: 3
RMS: 0.129284
Rotations: 0.129284
[0.6752432658400765, 0.02827521338151653, 0.7370529453477936;
 0.1326533215563, 0.9783164775212256, -0.1590596306123656;
 -0.7255684862352476, 0.2051764658012488, 0.6568508123338209]
[0.9361026472376685, -0.02828813112417886, 0.3505875289740503;
 0.08242671209769756, 0.9866468787663, -0.1404769509687673;
 -0.3419322607877072, 0.1603986229935264, 0.9259344527418709]
[0.9636492513665752, -0.05554357352995447, -0.2613331815521359;
 0.003379391362649042, 0.980606824485699, -0.1959562080825498;
 0.2671492093468688, 0.1879499061228711, 0.9451487357732362]
[0.8511356009721264, -0.03783826577072534, -0.5235804182752456;
 0.001845989529710951, 0.997608403768494, -0.06909460943614697;
 0.5249426455151777, 0.05784235795627152, 0.849169877318776]
Translations: 0.129284
[9.246040947774739;
 -1.133907720384848;
 544.2402173689904]
[-1.543668398147939;
 -75.63382049294069;
 507.3758341406192]
[34.37708652650991;
 -46.0412940162925;
 582.2765394862884]
[118.5691660487719;
 -87.18061805436679;
 575.0798439854444]
Calibration stack frame: 4
RMS: 0.145957
Rotations: 0.145957
[0.7066476348415072, -0.02305625592615483, 0.707189882022906;
 0.1577539853971237, 0.979445280782946, -0.1257005252309642;
 -0.6897556090850064, 0.2003880011744311, 0.6957599073826316]
[0.9477756293106566, -0.06893024914636291, 0.3114000276772775;
 0.1048298004818818, 0.9894456799963863, -0.1000397884214956;
 -0.3012176445955942, 0.1274592761987494, 0.9449984462924652]
[0.9423725353395036, -0.06722686174962207, -0.3277415959213804;
 0.01315917328435927, 0.9862938288005011, -0.1644728531658643;
 0.3343065072598324, 0.1506818911792156, 0.9303408659595614]
[0.8160509179272435, -0.03529658082954808, -0.5769012486828629;
 0.01096348737849026, 0.9988992777773179, -0.0456073985275899;
 0.5778760258866991, 0.03089310987414351, 0.8155396461654695]
Translations: 0.145957
[0.6263730777220343;
 -26.96013112853747;
 560.0293487693428]
[-9.705745028255697;
 -105.2283965862828;
 518.4930735144981]
[28.10538011397671;
 -74.67209526858095;
 588.9719734404591]
[112.361190926839;
 -116.471071619621;
 580.790732148192]
Calibration stack frame: 5
RMS: 0.154216
Rotations: 0.154216
[-0.02177114225230575, 0.8124221139631882, 0.582663132614905;
 -0.9422067529213305, 0.1782175196141963, -0.2836986965990616;
 -0.3343238730848767, -0.555165582908512, 0.7615896030273649]
[0.09738772730662429, 0.9832908498883602, 0.153800959346413;
 -0.9594144678371431, 0.1338468155707126, -0.2482114196936785;
 -0.2646497864628316, -0.1233861195086628, 0.9564185046504338]
[0.1697144904907987, 0.8846273771614809, -0.4343171597966714;
 -0.9483783668048026, 0.0267981197343101, -0.3160068577663477;
 -0.2679094344999886, 0.4655279415406817, 0.8435094964200414]
[0.1665282932473722, 0.7219241283239352, -0.6716352287453686;
 -0.9818496943384255, 0.05870114432794102, -0.1803478676949926;
 -0.0907717206824763, 0.6894778666486087, 0.7185963861069896]
Translations: 0.154216
[29.80946559500746;
 62.29802696532892;
 594.0508242629601]
[4.137330994773487;
 -9.663449102473335;
 543.7326855471896]
[35.03817831215921;
 18.92840158018069;
 612.7361084646363]
[120.3876062121249;
 -19.61424873962139;
 589.8292420803159]
7856099]
