<<<<<<< HEAD
<?xml version="1.0"?>
<opencv_storage>
<CameraMatrix type_id="opencv-matrix">
  <rows>3</rows>
  <cols>4</cols>
  <dt>d</dt>
  <data>
    9.9992507562492750e-01 2.5884903165453435e-03 1.1964232293140156e-02
    -5.8855490350202253e-02 -2.2385452998750170e-03
    9.9957193876252126e-01 -2.9170672832054212e-02
    -4.3081368245500101e-02 -1.2034618873212156e-02
    2.9141704761655403e-02 9.9950284091250141e-01
    -4.5618512270268113e-02</data></CameraMatrix>
<Intrinsics type_id="opencv-matrix">
  <rows>3</rows>
  <cols>3</cols>
  <dt>d</dt>
  <data>
    6.1574079127353696e+02 0. 3.0530712415594371e+02 0.
    6.1546621778343558e+02 2.3725481769767069e+02 0. 0. 1.</data></Intrinsics>
<Distortion type_id="opencv-matrix">
  <rows>14</rows>
  <cols>1</cols>
  <dt>d</dt>
  <data>
    1.3525859672088196e+00 -3.6612707625525644e+01
    -1.4826030904542353e-01 -7.1110543227356406e-03
    6.0699693284491389e+02 -1.1621140342683012e+00
    4.9485951620548661e+01 1.0589608175174686e+02 0. 0. 0. 0. 0. 0.</data></Distortion>
<CameraMatrixInitial type_id="opencv-matrix">
  <rows>3</rows>
  <cols>4</cols>
  <dt>d</dt>
  <data>
    1. 0. 0. 0. 0. 1. 0. 0. 0. 0. 1. 0.</data></CameraMatrixInitial>
</opencv_storage>
=======
<?xml version="1.0"?><opencv_storage><CameraMatrix type_id="opencv-matrix"> <rows>3</rows> <cols>4</cols> <dt>d</dt> <data> 1.20503450e-01 -9.12717023e-01 -3.90418434e-01 2.58112807e+00 9.84643705e-01 1.59935044e-01 -6.99825410e-02 -2.73453114e+01 1.26315846e-01 -3.75989916e-01 9.17973796e-01 5.97717663e+02</data></CameraMatrix><Intrinsics type_id="opencv-matrix"> <rows>3</rows> <cols>3</cols> <dt>d</dt> <data>615.740791273537 0. 305.3071241559437 0. 615.4662177834356 237.2548176976707 0. 0. 1.</data></Intrinsics><Distortion type_id="opencv-matrix"> <rows>14</rows> <cols>1</cols> <dt>d</dt> <data> 1.3525859672088196e+00 -3.6612707625525644e+01 -1.4826030904542353e-01 -7.1110543227356406e-03 6.0699693284491389e+02 -1.1621140342683012e+00 4.9485951620548661e+01 1.0589608175174686e+02 0. 0. 0. 0. 0. 0.</data></Distortion><CameraMatrixInitial type_id="opencv-matrix"> <rows>3</rows> <cols>4</cols> <dt>d</dt> <data> 1. 0. 0. 0. 0. 1. 0. 0. 0. 0. 1. 0.</data></CameraMatrixInitial></opencv_storage>
>>>>>>> 39c2f302407e6c24523695258b95782a1f2477ca
