<?xml version="1.0"?><opencv_storage><CameraMatrix type_id="opencv-matrix"> <rows>3</rows> <cols>4</cols> <dt>d</dt> <data> 9.31770736e-02 -9.53088742e-01 -2.87992853e-01 3.72556443e+01 9.80735985e-01 1.37734465e-01 -1.38514058e-01 -2.41357915e+01 1.71682730e-01 -2.69538620e-01 9.47562121e-01 5.84102770e+02</data></CameraMatrix><Intrinsics type_id="opencv-matrix"> <rows>3</rows> <cols>3</cols> <dt>d</dt> <data>650.5412520532576 0. 370.943244646571 0. 644.9713621128435 236.6186674331771 0. 0. 1.</data></Intrinsics><Distortion type_id="opencv-matrix"> <rows>14</rows> <cols>1</cols> <dt>d</dt> <data> 3.2205639601398581e+00 -2.6952501059744314e+01 2.2555381133238911e-01 -3.5677272878225319e-01 4.6332340334263813e+02 -2.6218173008759575e+00 4.2700250736507328e+01 -2.3093555636512786e+01 0. 0. 0. 0. 0. 0.</data></Distortion><CameraMatrixInitial type_id="opencv-matrix"> <rows>3</rows> <cols>4</cols> <dt>d</dt> <data> 1. 0. 0. 0. 0. 1. 0. 0. 0. 0. 1. 0.</data></CameraMatrixInitial></opencv_storage>