<?xml version="1.0"?><opencv_storage><CameraMatrix type_id="opencv-matrix"> <rows>3</rows> <cols>4</cols> <dt>d</dt> <data> 5.64770058e-02 -9.35227251e-01 3.49514429e-01 -1.72024280e+01 9.98345626e-01 4.91179184e-02 -2.98904851e-02 -5.55317559e+01 1.07869750e-02 3.50624327e-01 9.36454069e-01 5.12623511e+02</data></CameraMatrix><Intrinsics type_id="opencv-matrix"> <rows>3</rows> <cols>3</cols> <dt>d</dt> <data>615.740791273537 0. 305.3071241559437 0. 615.4662177834356 237.2548176976707 0. 0. 1.</data></Intrinsics><Distortion type_id="opencv-matrix"> <rows>14</rows> <cols>1</cols> <dt>d</dt> <data> 1.3525859672088196e+00 -3.6612707625525644e+01 -1.4826030904542353e-01 -7.1110543227356406e-03 6.0699693284491389e+02 -1.1621140342683012e+00 4.9485951620548661e+01 1.0589608175174686e+02 0. 0. 0. 0. 0. 0.</data></Distortion><CameraMatrixInitial type_id="opencv-matrix"> <rows>3</rows> <cols>4</cols> <dt>d</dt> <data> 1. 0. 0. 0. 0. 1. 0. 0. 0. 0. 1. 0.</data></CameraMatrixInitial></opencv_storage>