<?xml version="1.0"?><opencv_storage><CameraMatrix type_id="opencv-matrix"> <rows>3</rows> <cols>4</cols> <dt>d</dt> <data>-4.62469118e-02 6.80974657e-01 7.30845223e-01 -5.11366289e+01 -9.97049569e-01 1.34037177e-02 -7.55810586e-02 9.95218750e+01 -6.12648285e-02 -7.32184305e-01 6.78345608e-01 6.15193210e+02</data></CameraMatrix><Intrinsics type_id="opencv-matrix"> <rows>3</rows> <cols>3</cols> <dt>d</dt> <data> 6.2836747314217291e+02 0. 3.0229089795299785e+02 0. 6.2912181784987831e+02 2.4310266646397474e+02 0. 0. 1.</data></Intrinsics><Distortion type_id="opencv-matrix"> <rows>14</rows> <cols>1</cols> <dt>d</dt> <data> 2.2870840592350081e+01 1.3563766849820305e+00 -4.7601248518079047e-03 -7.4633924989949644e-03 -1.4636601750996084e+02 2.2755896206805328e+01 6.7355441355211898e+00 -1.5887028203915861e+02 0. 0. 0. 0. 0. 0.</data></Distortion><CameraMatrixInitial type_id="opencv-matrix"> <rows>3</rows> <cols>4</cols> <dt>d</dt> <data> 1. 0. 0. 0. 0. 1. 0. 0. 0. 0. 1. 0.</data></CameraMatrixInitial></opencv_storage>